v 0.105059 3.785782 0.000000
v 0.248079 3.681465 0.000000
v 0.290547 3.597648 0.000000
v 0.316657 3.496914 0.000000
v 0.328661 3.382405 0.000000
v 0.328814 3.257260 0.000000
v 0.319368 3.124623 0.000000
v 0.280689 2.849434 0.000000
v 0.230650 2.581968 0.000000
v 0.224938 2.463359 -0.000000
v 0.247284 2.334655 -0.000000
v 0.290491 2.195557 -0.000000
v 0.347367 2.045767 -0.000000
v 0.410715 1.884987 -0.000000
v 0.567646 1.333720 -0.000000
v 0.584936 1.125995 -0.000000
v 0.523816 0.672799 -0.000000
v 0.431017 0.426732 -0.000000
v 0.379538 0.313610 -0.000000
v 0.307035 0.149738 -0.000000
v 0.258865 0.054165 -0.000000
v 0.237804 0.026417 -0.000000
v 0.189524 -0.000150 -0.000000
v 0.157424 -0.003429 -0.000000
v 0.116765 -0.003011 -0.000000
v 0.065103 -0.001124 -0.000000
v 0.099917 3.785782 0.032465
v 0.177848 3.745224 0.057786
v 0.235937 3.681465 0.076661
v 0.276327 3.597648 0.089784
v 0.301158 3.496914 0.097852
v 0.312575 3.382405 0.101562
v 0.312721 3.257260 0.101609
v 0.303737 3.124623 0.098690
v 0.287766 2.987634 0.093501
v 0.266951 2.849434 0.086738
v 0.243435 2.713165 0.079097
v 0.219361 2.581968 0.071275
v 0.213929 2.463359 0.069510
v 0.235181 2.334655 0.076415
v 0.276274 2.195557 0.089767
v 0.330365 2.045767 0.107342
v 0.390613 1.884987 0.126918
v 0.450174 1.712918 0.146270
v 0.502205 1.529262 0.163176
v 0.539863 1.333720 0.175412
v 0.556307 1.125995 0.180755
v 0.544693 0.905788 0.176981
v 0.498179 0.672799 0.161868
v 0.409921 0.426732 0.133191
v 0.360962 0.313610 0.117284
v 0.322432 0.222021 0.104764
v 0.292008 0.149738 0.094879
v 0.267369 0.094529 0.086873
v 0.246195 0.054165 0.079994
v 0.226165 0.026417 0.073485
v 0.204956 0.009055 0.066594
v 0.180248 -0.000150 0.058566
v 0.149720 -0.003429 0.048647
v 0.111050 -0.003011 0.036082
v 0.061917 -0.001124 0.020118
v 0.084994 3.785782 0.061752
v 0.151287 3.745224 0.109916
v 0.200700 3.681465 0.145817
v 0.235057 3.597648 0.170779
v 0.256181 3.496914 0.186126
v 0.265893 3.382405 0.193182
v 0.266016 3.257260 0.193272
v 0.258374 3.124623 0.187720
v 0.244788 2.987634 0.177849
v 0.227082 2.849434 0.164985
v 0.207079 2.713165 0.150451
v 0.186600 2.581968 0.135572
v 0.181979 2.463359 0.132215
v 0.200057 2.334655 0.145350
v 0.235012 2.195557 0.170747
v 0.281026 2.045767 0.204177
v 0.332275 1.884987 0.241412
v 0.382941 1.712918 0.278223
v 0.427201 1.529262 0.310380
v 0.459235 1.333720 0.333654
v 0.473223 1.125995 0.343817
v 0.463344 0.905788 0.336639
v 0.423776 0.672799 0.307891
v 0.348700 0.426732 0.253345
v 0.307053 0.313610 0.223087
v 0.274277 0.222021 0.199274
v 0.248397 0.149738 0.180471
v 0.227438 0.094529 0.165243
v 0.209426 0.054165 0.152157
v 0.192387 0.026417 0.139777
v 0.174346 0.009055 0.126670
v 0.153328 -0.000150 0.111399
v 0.127359 -0.003429 0.092532
v 0.094464 -0.003011 0.068632
v 0.052670 -0.001124 0.038267
v 0.061752 3.785782 0.084994
v 0.109916 3.745224 0.151287
v 0.145817 3.681465 0.200700
v 0.170779 3.597648 0.235057
v 0.186126 3.496914 0.256181
v 0.193182 3.382405 0.265893
v 0.193272 3.257260 0.266016
v 0.187720 3.124623 0.258374
v 0.177849 2.987634 0.244788
v 0.164985 2.849434 0.227082
v 0.150451 2.713165 0.207079
v 0.135572 2.581968 0.186600
v 0.132215 2.463359 0.181979
v 0.145350 2.334655 0.200057
v 0.170747 2.195557 0.235012
v 0.204177 2.045767 0.281026
v 0.241412 1.884987 0.332275
v 0.278223 1.712918 0.382940
v 0.310380 1.529262 0.427201
v 0.333654 1.333720 0.459235
v 0.343817 1.125995 0.473223
v 0.336639 0.905788 0.463344
v 0.307892 0.672799 0.423776
v 0.253345 0.426732 0.348700
v 0.223087 0.313610 0.307053
v 0.199274 0.222021 0.274277
v 0.180471 0.149738 0.248396
v 0.165243 0.094529 0.227438
v 0.152157 0.054165 0.209426
v 0.139777 0.026417 0.192387
v 0.126670 0.009055 0.174346
v 0.111399 -0.000150 0.153328
v 0.092532 -0.003429 0.127359
v 0.068632 -0.003011 0.094464
v 0.038267 -0.001124 0.052670
v 0.032465 3.785782 0.099917
v 0.057786 3.745224 0.177848
v 0.076661 3.681465 0.235937
v 0.089784 3.597648 0.276327
v 0.097852 3.496914 0.301158
v 0.101562 3.382405 0.312576
v 0.101609 3.257260 0.312721
v 0.098690 3.124623 0.303737
v 0.093501 2.987634 0.287766
v 0.086738 2.849434 0.266951
v 0.079097 2.713165 0.243436
v 0.071275 2.581968 0.219361
v 0.069510 2.463359 0.213929
v 0.076415 2.334655 0.235181
v 0.089767 2.195557 0.276274
v 0.107342 2.045767 0.330365
v 0.126918 1.884987 0.390613
v 0.146270 1.712918 0.450174
v 0.163176 1.529262 0.502205
v 0.175412 1.333720 0.539863
v 0.180755 1.125995 0.556307
v 0.176982 0.905788 0.544693
v 0.161868 0.672799 0.498179
v 0.133192 0.426732 0.409921
v 0.117284 0.313610 0.360962
v 0.104765 0.222021 0.322432
v 0.094879 0.149738 0.292008
v 0.086874 0.094529 0.267369
v 0.079994 0.054165 0.246195
v 0.073485 0.026417 0.226165
v 0.066594 0.009055 0.204956
v 0.058566 -0.000150 0.180248
v 0.048647 -0.003429 0.149720
v 0.036082 -0.003011 0.111050
v 0.020118 -0.001124 0.061917
v -0.000000 3.785782 0.105059
v 0.000000 3.745224 0.187001
v 0.000000 3.681465 0.248079
v -0.000000 3.597648 0.290547
v 0.000000 3.496914 0.316657
v 0.000000 3.382405 0.328661
v 0.000000 3.257260 0.328814
v 0.000000 3.124623 0.319368
v 0.000000 2.987634 0.302575
v 0.000000 2.849434 0.280689
v -0.000000 2.713165 0.255963
v 0.000000 2.581968 0.230650
v -0.000000 2.463359 0.224938
v 0.000000 2.334655 0.247284
v 0.000000 2.195557 0.290491
v -0.000000 2.045767 0.347367
v -0.000000 1.884987 0.410715
v 0.000000 1.712918 0.473340
v 0.000000 1.529262 0.528049
v -0.000000 1.333720 0.567646
v 0.000000 1.125995 0.584936
v 0.000000 0.905788 0.572724
v 0.000000 0.672799 0.523816
v 0.000000 0.426732 0.431017
v 0.000000 0.313610 0.379538
v 0.000000 0.222021 0.339025
v 0.000000 0.149738 0.307035
v 0.000000 0.094529 0.281129
v 0.000000 0.054165 0.258865
v 0.000000 0.026417 0.237804
v 0.000000 0.009055 0.215503
v 0.000000 -0.000150 0.189524
v 0.000000 -0.003429 0.157425
v 0.000000 -0.003011 0.116765
v 0.000000 -0.001124 0.065103
v 0.000000 0.000000 0.000000
v -0.032465 3.785782 0.099917
v -0.057786 3.745224 0.177848
v -0.076661 3.681465 0.235938
v -0.089784 3.597648 0.276327
v -0.097852 3.496914 0.301158
v -0.101562 3.382405 0.312576
v -0.101609 3.257260 0.312721
v -0.098690 3.124623 0.303737
v -0.093501 2.987634 0.287766
v -0.086738 2.849434 0.266951
v -0.079097 2.713165 0.243436
v -0.071275 2.581968 0.219361
v -0.069510 2.463359 0.213929
v -0.076415 2.334655 0.235181
v -0.089767 2.195557 0.276274
v -0.107342 2.045767 0.330365
v -0.126918 1.884987 0.390613
v -0.146270 1.712918 0.450174
v -0.163176 1.529262 0.502205
v -0.175412 1.333720 0.539863
v -0.180755 1.125995 0.556307
v -0.176982 0.905788 0.544693
v -0.161868 0.672799 0.498179
v -0.133191 0.426732 0.409921
v -0.117284 0.313610 0.360962
v -0.104764 0.222021 0.322432
v -0.094879 0.149738 0.292008
v -0.086873 0.094529 0.267369
v -0.079994 0.054165 0.246195
v -0.073485 0.026417 0.226165
v -0.066594 0.009055 0.204956
v -0.058566 -0.000150 0.180248
v -0.048647 -0.003429 0.149720
v -0.036082 -0.003011 0.111050
v -0.020118 -0.001124 0.061917
v -0.061752 3.785782 0.084994
v -0.109916 3.745224 0.151287
v -0.145817 3.681465 0.200700
v -0.170779 3.597648 0.235057
v -0.186126 3.496914 0.256181
v -0.193182 3.382405 0.265893
v -0.193272 3.257260 0.266016
v -0.187720 3.124623 0.258374
v -0.177849 2.987634 0.244788
v -0.164985 2.849434 0.227082
v -0.150451 2.713165 0.207079
v -0.135573 2.581968 0.186600
v -0.132215 2.463359 0.181979
v -0.145350 2.334655 0.200057
v -0.170747 2.195557 0.235013
v -0.204177 2.045767 0.281026
v -0.241412 1.884987 0.332275
v -0.278223 1.712918 0.382941
v -0.310380 1.529262 0.427201
v -0.333654 1.333720 0.459235
v -0.343817 1.125995 0.473223
v -0.336639 0.905788 0.463344
v -0.307891 0.672799 0.423776
v -0.253345 0.426732 0.348700
v -0.223087 0.313610 0.307053
v -0.199274 0.222021 0.274277
v -0.180471 0.149738 0.248397
v -0.165243 0.094529 0.227438
v -0.152157 0.054165 0.209426
v -0.139777 0.026417 0.192387
v -0.126670 0.009055 0.174346
v -0.111399 -0.000150 0.153328
v -0.092532 -0.003429 0.127359
v -0.068632 -0.003011 0.094465
v -0.038267 -0.001124 0.052670
v -0.084994 3.785782 0.061752
v -0.151287 3.745224 0.109916
v -0.200700 3.681465 0.145817
v -0.235057 3.597648 0.170779
v -0.256181 3.496914 0.186126
v -0.265893 3.382405 0.193182
v -0.266016 3.257260 0.193272
v -0.258374 3.124623 0.187720
v -0.244788 2.987634 0.177849
v -0.227082 2.849434 0.164985
v -0.207079 2.713165 0.150451
v -0.186600 2.581968 0.135573
v -0.181979 2.463359 0.132215
v -0.200057 2.334655 0.145350
v -0.235013 2.195557 0.170747
v -0.281026 2.045767 0.204177
v -0.332275 1.884987 0.241412
v -0.382941 1.712918 0.278223
v -0.427201 1.529262 0.310380
v -0.459235 1.333720 0.333654
v -0.473223 1.125995 0.343817
v -0.463344 0.905788 0.336639
v -0.423776 0.672799 0.307892
v -0.348700 0.426732 0.253345
v -0.307053 0.313610 0.223087
v -0.274277 0.222021 0.199274
v -0.248396 0.149738 0.180471
v -0.227438 0.094529 0.165243
v -0.209426 0.054165 0.152157
v -0.192387 0.026417 0.139778
v -0.174346 0.009055 0.126670
v -0.153328 -0.000150 0.111399
v -0.127359 -0.003429 0.092532
v -0.094464 -0.003011 0.068632
v -0.052670 -0.001124 0.038267
v -0.099917 3.785782 0.032465
v -0.177849 3.745224 0.057786
v -0.235938 3.681465 0.076661
v -0.276327 3.597648 0.089784
v -0.301158 3.496914 0.097852
v -0.312576 3.382405 0.101562
v -0.312721 3.257260 0.101609
v -0.303737 3.124623 0.098690
v -0.287766 2.987634 0.093501
v -0.266951 2.849434 0.086738
v -0.243436 2.713165 0.079097
v -0.219361 2.581968 0.071275
v -0.213929 2.463359 0.069510
v -0.235181 2.334655 0.076415
v -0.276274 2.195557 0.089767
v -0.330365 2.045767 0.107342
v -0.390613 1.884987 0.126918
v -0.450174 1.712918 0.146270
v -0.502205 1.529262 0.163176
v -0.539864 1.333720 0.175412
v -0.556307 1.125995 0.180755
v -0.544693 0.905788 0.176982
v -0.498179 0.672799 0.161868
v -0.409921 0.426732 0.133192
v -0.360962 0.313610 0.117284
v -0.322432 0.222021 0.104764
v -0.292008 0.149738 0.094879
v -0.267369 0.094529 0.086874
v -0.246195 0.054165 0.079994
v -0.226165 0.026417 0.073485
v -0.204956 0.009055 0.066594
v -0.180248 -0.000150 0.058566
v -0.149720 -0.003429 0.048647
v -0.111050 -0.003011 0.036082
v -0.061917 -0.001124 0.020118
v -0.105059 3.785782 -0.000000
v -0.187001 3.745224 0.000000
v -0.248079 3.681465 0.000000
v -0.290547 3.597648 -0.000000
v -0.316657 3.496914 -0.000000
v -0.328661 3.382405 0.000000
v -0.328814 3.257260 0.000000
v -0.319368 3.124623 0.000000
v -0.302575 2.987634 0.000000
v -0.280689 2.849434 0.000000
v -0.255963 2.713165 -0.000000
v -0.230650 2.581968 -0.000000
v -0.224938 2.463359 0.000000
v -0.247284 2.334655 -0.000000
v -0.290491 2.195557 0.000000
v -0.347367 2.045767 -0.000000
v -0.410715 1.884987 0.000000
v -0.473340 1.712918 0.000000
v -0.528049 1.529262 0.000000
v -0.567646 1.333720 -0.000000
v -0.584936 1.125995 0.000000
v -0.572724 0.905788 0.000000
v -0.523816 0.672799 0.000000
v -0.431017 0.426732 0.000000
v -0.379538 0.313610 0.000000
v -0.339025 0.222021 0.000000
v -0.307035 0.149738 0.000000
v -0.281129 0.094529 0.000000
v -0.258865 0.054165 0.000000
v -0.237804 0.026417 0.000000
v -0.215503 0.009055 0.000000
v -0.189524 -0.000150 0.000000
v -0.157425 -0.003429 0.000000
v -0.116765 -0.003011 0.000000
v -0.065103 -0.001124 0.000000
v 0.000000 3.800000 0.000000
v -0.099917 3.785782 -0.032465
v -0.177849 3.745224 -0.057786
v -0.235938 3.681465 -0.076661
v -0.276327 3.597648 -0.089784
v -0.301158 3.496914 -0.097852
v -0.312576 3.382405 -0.101562
v -0.312721 3.257260 -0.101609
v -0.303737 3.124623 -0.098690
v -0.287766 2.987634 -0.093501
v -0.266952 2.849434 -0.086738
v -0.243436 2.713165 -0.079097
v -0.219361 2.581968 -0.071275
v -0.213929 2.463359 -0.069510
v -0.235181 2.334655 -0.076415
v -0.276274 2.195557 -0.089767
v -0.330366 2.045767 -0.107342
v -0.390613 1.884987 -0.126918
v -0.450174 1.712918 -0.146270
v -0.502205 1.529262 -0.163176
v -0.539864 1.333720 -0.175412
v -0.556307 1.125995 -0.180755
v -0.544693 0.905788 -0.176982
v -0.498179 0.672799 -0.161868
v -0.409921 0.426732 -0.133191
v -0.360962 0.313610 -0.117284
v -0.322432 0.222021 -0.104764
v -0.292008 0.149738 -0.094879
v -0.267369 0.094529 -0.086873
v -0.246195 0.054165 -0.079994
v -0.226165 0.026417 -0.073485
v -0.204956 0.009055 -0.066594
v -0.180248 -0.000150 -0.058566
v -0.149720 -0.003429 -0.048647
v -0.111050 -0.003011 -0.036082
v -0.061917 -0.001124 -0.020118
v -0.084994 3.785782 -0.061752
v -0.151287 3.745224 -0.109916
v -0.200700 3.681465 -0.145817
v -0.235057 3.597648 -0.170779
v -0.256181 3.496914 -0.186126
v -0.265893 3.382405 -0.193182
v -0.266016 3.257260 -0.193272
v -0.258374 3.124623 -0.187720
v -0.244788 2.987634 -0.177849
v -0.227083 2.849434 -0.164985
v -0.207079 2.713165 -0.150451
v -0.186600 2.581968 -0.135573
v -0.181979 2.463359 -0.132215
v -0.200057 2.334655 -0.145350
v -0.235013 2.195557 -0.170747
v -0.281026 2.045767 -0.204177
v -0.332275 1.884987 -0.241412
v -0.382941 1.712918 -0.278223
v -0.427201 1.529262 -0.310380
v -0.459235 1.333720 -0.333654
v -0.473223 1.125995 -0.343817
v -0.463344 0.905788 -0.336639
v -0.423776 0.672799 -0.307891
v -0.348700 0.426732 -0.253345
v -0.307053 0.313610 -0.223087
v -0.274277 0.222021 -0.199274
v -0.248397 0.149738 -0.180471
v -0.227438 0.094529 -0.165243
v -0.209426 0.054165 -0.152157
v -0.192387 0.026417 -0.139777
v -0.174346 0.009055 -0.126670
v -0.153328 -0.000150 -0.111399
v -0.127359 -0.003429 -0.092532
v -0.094465 -0.003011 -0.068632
v -0.052670 -0.001124 -0.038267
v -0.061752 3.785782 -0.084994
v -0.109916 3.745224 -0.151287
v -0.145817 3.681465 -0.200700
v -0.170779 3.597648 -0.235057
v -0.186126 3.496914 -0.256181
v -0.193182 3.382405 -0.265893
v -0.193272 3.257260 -0.266016
v -0.187720 3.124623 -0.258374
v -0.177849 2.987634 -0.244788
v -0.164985 2.849434 -0.227083
v -0.150451 2.713165 -0.207079
v -0.135573 2.581968 -0.186600
v -0.132215 2.463359 -0.181979
v -0.145350 2.334655 -0.200057
v -0.170747 2.195557 -0.235013
v -0.204177 2.045767 -0.281026
v -0.241412 1.884987 -0.332275
v -0.278223 1.712918 -0.382941
v -0.310380 1.529262 -0.427201
v -0.333654 1.333720 -0.459235
v -0.343817 1.125995 -0.473223
v -0.336639 0.905788 -0.463344
v -0.307892 0.672799 -0.423776
v -0.253345 0.426732 -0.348700
v -0.223087 0.313610 -0.307053
v -0.199274 0.222021 -0.274277
v -0.180471 0.149738 -0.248397
v -0.165243 0.094529 -0.227438
v -0.152157 0.054165 -0.209426
v -0.139778 0.026417 -0.192387
v -0.126670 0.009055 -0.174346
v -0.111399 -0.000150 -0.153328
v -0.092532 -0.003429 -0.127359
v -0.068632 -0.003011 -0.094464
v -0.038267 -0.001124 -0.052670
v -0.032465 3.785782 -0.099917
v -0.057787 3.745224 -0.177849
v -0.076661 3.681465 -0.235938
v -0.089784 3.597648 -0.276327
v -0.097852 3.496914 -0.301158
v -0.101562 3.382405 -0.312576
v -0.101609 3.257260 -0.312721
v -0.098690 3.124623 -0.303737
v -0.093501 2.987634 -0.287766
v -0.086738 2.849434 -0.266952
v -0.079097 2.713165 -0.243436
v -0.071275 2.581968 -0.219361
v -0.069510 2.463359 -0.213929
v -0.076415 2.334655 -0.235181
v -0.089767 2.195557 -0.276274
v -0.107342 2.045767 -0.330366
v -0.126918 1.884987 -0.390613
v -0.146270 1.712918 -0.450174
v -0.163176 1.529262 -0.502205
v -0.175412 1.333720 -0.539864
v -0.180755 1.125995 -0.556307
v -0.176982 0.905788 -0.544693
v -0.161868 0.672799 -0.498179
v -0.133192 0.426732 -0.409921
v -0.117284 0.313610 -0.360962
v -0.104764 0.222021 -0.322432
v -0.094879 0.149738 -0.292008
v -0.086874 0.094529 -0.267369
v -0.079994 0.054165 -0.246195
v -0.073485 0.026417 -0.226165
v -0.066594 0.009055 -0.204956
v -0.058566 -0.000150 -0.180248
v -0.048647 -0.003429 -0.149720
v -0.036082 -0.003011 -0.111050
v -0.020118 -0.001124 -0.061917
v 0.000000 3.785782 -0.105059
v -0.000000 3.745224 -0.187001
v 0.000000 3.681465 -0.248079
v 0.000000 3.597648 -0.290547
v 0.000000 3.496914 -0.316657
v 0.000000 3.382405 -0.328661
v -0.000000 3.257260 -0.328814
v 0.000000 3.124623 -0.319368
v -0.000000 2.987634 -0.302575
v -0.000000 2.849434 -0.280689
v 0.000000 2.713165 -0.255963
v 0.000000 2.581968 -0.230650
v -0.000000 2.463359 -0.224938
v 0.000000 2.334655 -0.247284
v 0.000000 2.195557 -0.290492
v -0.000000 2.045767 -0.347367
v -0.000000 1.884987 -0.410715
v 0.000000 1.712918 -0.473340
v 0.000000 1.529262 -0.528049
v 0.000000 1.333720 -0.567646
v -0.000000 1.125995 -0.584936
v 0.000000 0.905788 -0.572724
v -0.000000 0.672799 -0.523816
v -0.000000 0.426732 -0.431017
v -0.000000 0.313610 -0.379538
v -0.000000 0.222021 -0.339025
v -0.000000 0.149738 -0.307035
v -0.000000 0.094529 -0.281129
v -0.000000 0.054165 -0.258865
v -0.000000 0.026417 -0.237804
v -0.000000 0.009055 -0.215503
v -0.000000 -0.000150 -0.189524
v -0.000000 -0.003429 -0.157425
v -0.000000 -0.003011 -0.116765
v 0.000000 -0.001124 -0.065103
v 0.032465 3.785782 -0.099917
v 0.057786 3.745224 -0.177849
v 0.076661 3.681465 -0.235938
v 0.089784 3.597648 -0.276327
v 0.097852 3.496914 -0.301158
v 0.101562 3.382405 -0.312576
v 0.101609 3.257260 -0.312721
v 0.098690 3.124623 -0.303737
v 0.093501 2.987634 -0.287766
v 0.086738 2.849434 -0.266952
v 0.079097 2.713165 -0.243436
v 0.071275 2.581968 -0.219361
v 0.069510 2.463359 -0.213929
v 0.076415 2.334655 -0.235181
v 0.089767 2.195557 -0.276274
v 0.107342 2.045767 -0.330366
v 0.126918 1.884987 -0.390613
v 0.146270 1.712918 -0.450174
v 0.163176 1.529262 -0.502205
v 0.175412 1.333720 -0.539864
v 0.180755 1.125995 -0.556307
v 0.176982 0.905788 -0.544693
v 0.161868 0.672799 -0.498179
v 0.133191 0.426732 -0.409921
v 0.117284 0.313610 -0.360963
v 0.104764 0.222021 -0.322432
v 0.094879 0.149738 -0.292008
v 0.086873 0.094529 -0.267369
v 0.079994 0.054165 -0.246195
v 0.073485 0.026417 -0.226165
v 0.066594 0.009055 -0.204956
v 0.058566 -0.000150 -0.180248
v 0.048647 -0.003429 -0.149720
v 0.036082 -0.003011 -0.111050
v 0.020118 -0.001124 -0.061917
v 0.061752 3.785782 -0.084994
v 0.109916 3.745224 -0.151287
v 0.145817 3.681465 -0.200700
v 0.170779 3.597648 -0.235057
v 0.186126 3.496914 -0.256181
v 0.193182 3.382405 -0.265893
v 0.193272 3.257260 -0.266016
v 0.187720 3.124623 -0.258374
v 0.177849 2.987634 -0.244788
v 0.164985 2.849434 -0.227083
v 0.150451 2.713165 -0.207079
v 0.135573 2.581968 -0.186600
v 0.132215 2.463359 -0.181979
v 0.145350 2.334655 -0.200057
v 0.170747 2.195557 -0.235013
v 0.204177 2.045767 -0.281026
v 0.241412 1.884987 -0.332275
v 0.278223 1.712918 -0.382941
v 0.310380 1.529262 -0.427201
v 0.333654 1.333720 -0.459235
v 0.343817 1.125995 -0.473223
v 0.336639 0.905788 -0.463344
v 0.307892 0.672799 -0.423777
v 0.253345 0.426732 -0.348700
v 0.223087 0.313610 -0.307053
v 0.199274 0.222021 -0.274277
v 0.180471 0.149738 -0.248397
v 0.165243 0.094529 -0.227438
v 0.152157 0.054165 -0.209426
v 0.139777 0.026417 -0.192387
v 0.126670 0.009055 -0.174346
v 0.111399 -0.000150 -0.153328
v 0.092532 -0.003429 -0.127359
v 0.068632 -0.003011 -0.094465
v 0.038267 -0.001124 -0.052670
v 0.084994 3.785782 -0.061752
v 0.151287 3.745224 -0.109916
v 0.200700 3.681465 -0.145817
v 0.235058 3.597648 -0.170779
v 0.256181 3.496914 -0.186126
v 0.265893 3.382405 -0.193182
v 0.266016 3.257260 -0.193272
v 0.258374 3.124623 -0.187720
v 0.244788 2.987634 -0.177849
v 0.227083 2.849434 -0.164985
v 0.207079 2.713165 -0.150451
v 0.186600 2.581968 -0.135573
v 0.181979 2.463359 -0.132215
v 0.200057 2.334655 -0.145350
v 0.235013 2.195557 -0.170747
v 0.281026 2.045767 -0.204177
v 0.332275 1.884987 -0.241412
v 0.382941 1.712918 -0.278223
v 0.427201 1.529262 -0.310380
v 0.459235 1.333720 -0.333654
v 0.473223 1.125995 -0.343817
v 0.463344 0.905788 -0.336639
v 0.423776 0.672799 -0.307892
v 0.348700 0.426732 -0.253345
v 0.307053 0.313610 -0.223087
v 0.274277 0.222021 -0.199274
v 0.248397 0.149738 -0.180471
v 0.227438 0.094529 -0.165243
v 0.209426 0.054165 -0.152157
v 0.192387 0.026417 -0.139778
v 0.174346 0.009055 -0.126670
v 0.153328 -0.000150 -0.111399
v 0.127359 -0.003429 -0.092532
v 0.094464 -0.003011 -0.068633
v 0.052670 -0.001124 -0.038267
v 0.099917 3.785782 -0.032465
v 0.177849 3.745224 -0.057787
v 0.235938 3.681465 -0.076661
v 0.276327 3.597648 -0.089784
v 0.301158 3.496914 -0.097852
v 0.312576 3.382405 -0.101562
v 0.312721 3.257260 -0.101609
v 0.303737 3.124623 -0.098690
v 0.287766 2.987634 -0.093501
v 0.266952 2.849434 -0.086738
v 0.243436 2.713165 -0.079097
v 0.219361 2.581968 -0.071275
v 0.213929 2.463359 -0.069510
v 0.235181 2.334655 -0.076415
v 0.276274 2.195557 -0.089767
v 0.330366 2.045767 -0.107342
v 0.390613 1.884987 -0.126918
v 0.450174 1.712918 -0.146270
v 0.502205 1.529262 -0.163176
v 0.539864 1.333720 -0.175412
v 0.556307 1.125995 -0.180755
v 0.544693 0.905788 -0.176982
v 0.498179 0.672799 -0.161868
v 0.409921 0.426732 -0.133192
v 0.360962 0.313610 -0.117284
v 0.322432 0.222021 -0.104764
v 0.292008 0.149738 -0.094879
v 0.267369 0.094529 -0.086874
v 0.246195 0.054165 -0.079994
v 0.226165 0.026417 -0.073485
v 0.204956 0.009055 -0.066594
v 0.180248 -0.000150 -0.058566
v 0.149720 -0.003429 -0.048647
v 0.111050 -0.003011 -0.036082
v 0.061917 -0.001124 -0.020118
v 0.187001 3.745224 -0.000000
v 0.302575 2.987634 -0.000000
v 0.255963 2.713165 0.000000
v 0.473340 1.712918 0.000000
v 0.528049 1.529262 0.000000
v 0.572724 0.905788 0.000000
v 0.339025 0.222021 -0.000000
v 0.281129 0.094529 -0.000000
v 0.215503 0.009055 -0.000000